[DEFAULT]
name = 2020-Feb-01 10:35:25 session
date = 2020-Feb-01
time = 10:35:35
bodies = 3
periods to solve = 20
integration points = 1500

[0]
name = Alpha Centauri A
mass = 1.100000e+00
x = -5.000000e-01
y = 0.000000e+00
z = 0.000000e+00
vx = 1.000000e-02
vy = 1.000000e-02
vz = 0.000000e+00
color = tab:blue

[1]
name = Alpha Centauri B
mass = 9.070000e-01
x = 5.000000e-01
y = 0.000000e+00
z = 0.000000e+00
vx = -5.000000e-02
vy = 0.000000e+00
vz = -1.000000e-01
color = tab:red

[2]
name = Alpha Centauri C
mass = 9.850000e-01
x = 0.000000e+00
y = 1.000000e+00
z = 0.000000e+00
vx = 0.000000e+00
vy = -5.000000e-03
vz = 0.000000e+00
color = tab:purple

