[DEFAULT]
name = 2020-Feb-02 15:29:37
description = periodic solution in form of three leaf
date = 2020-Feb-02
time = 15:30:01
bodies = 3
periods to solve = 20
integration points = 1500

[0]
name = body 1
mass = 1.00000e+00
x = 1.000000e+00
y = 0.000000e+00
z = 0.000000e+00
vx = 0.000000e+00
vy = 1.000000e-01
vz = 0.000000e+00
color = (0.016250654862426495, 0.3708114112740294, 0.22138399414970134)

[1]
name = body 2
mass = 1.000000e+00
x = 0.000000e+00
y = 1.000000e+00
z = 0.000000e+00
vx = 0.000000e+00
vy = 0.000000e+00
vz = 1.000000e-01
color = (0.8111739692947375, 0.9050981009383899, 0.2182481429074543)

[2]
name = body 3
mass = 1.000000e+00
x = 0.000000e+00
y = 0.000000e+00
z = 1.000000e+00
vx = 1.000000e-01
vy = 0.000000e+00
vz = 0.000000e+00
color = (0.974143780436291, 0.5743763455366605, 0.39369600607100685)

